$ 1 5.0E-6 10.20027730826997 50 5.0 50
R 128 80 112 80 0 0 40.0 5.0 0.0 0.0 0.5
R 128 112 112 112 0 0 40.0 5.0 0.0 0.0 0.5
s 128 80 176 80 0 0 false
s 128 112 176 112 0 0 false
151 208 96 320 96 0 2 0.0
151 352 96 464 96 0 2 5.0
w 208 112 176 112 0
w 208 80 176 80 0
w 208 240 176 240 0
w 208 368 176 368 0
s 128 368 176 368 0 0 false
s 128 240 176 240 0 0 false
R 128 368 112 368 0 0 40.0 5.0 0.0 0.0 0.5
R 128 240 112 240 0 0 40.0 5.0 0.0 0.0 0.5
153 224 240 336 240 0 2 0.0
153 224 368 336 368 0 2 0.0
w 208 368 208 352 0
w 208 352 224 352 0
w 224 384 208 384 0
w 208 368 208 384 0
w 208 240 208 224 0
w 208 224 224 224 0
w 208 240 208 256 0
w 208 256 224 256 0
153 336 304 448 304 0 2 5.0
w 336 368 336 320 0
w 336 288 336 240 0
162 448 304 496 304 1 2.1024259 1.0 0.0 0.0
g 496 304 528 304 0
g 512 96 544 96 0
162 464 96 512 96 1 2.1024259 1.0 0.0 0.0
w 352 80 320 80 0
w 320 80 320 96 0
w 320 96 320 112 0
w 320 112 352 112 0
x 105 46 263 52 0 24 AND via NAND
x 107 195 252 201 0 24 AND via NOR
