$ 1 5.0E-6 10.20027730826997 50 5.0 50
s 80 112 128 112 0 0 false
s 80 80 128 80 0 0 false
R 80 112 64 112 0 0 40.0 5.0 0.0 0.0 0.5
R 80 80 64 80 0 0 40.0 5.0 0.0 0.0 0.5
w 176 80 128 80 0
w 176 112 128 112 0
151 176 96 288 96 0 2 0.0
162 288 96 320 96 1 2.1024259 1.0 0.0 0.0
g 320 96 352 96 0
153 112 240 224 240 0 2 0.0
R 48 240 32 240 0 0 40.0 5.0 0.0 0.0 0.5
R 48 336 32 336 0 0 40.0 5.0 0.0 0.0 0.5
s 48 240 96 240 0 1 false
s 48 336 96 336 0 0 false
153 112 336 224 336 0 2 0.0
153 256 288 368 288 0 2 0.0
153 400 288 512 288 0 2 0.0
162 512 288 544 288 1 2.1024259 1.0 0.0 0.0
x 62 51 237 57 0 24 NAND via NAND
w 112 224 96 224 0
w 96 224 96 240 0
w 96 240 96 256 0
w 96 256 112 256 0
w 112 320 96 320 0
w 96 320 96 336 0
w 96 336 96 352 0
w 96 352 112 352 0
w 224 240 224 272 0
w 224 272 256 272 0
w 256 304 224 304 0
w 224 304 224 336 0
w 368 288 368 272 0
w 368 272 400 272 0
w 400 304 368 304 0
w 368 304 368 288 0
g 544 288 576 288 0
x 47 195 209 201 0 24 NAND via NOR
