$ 1 5.0E-6 10.20027730826997 50 5.0 50
s 91 377 139 377 0 0 false
s 91 345 139 345 0 0 false
R 91 377 75 377 0 0 40.0 5.0 0.0 0.0 0.5
R 91 345 75 345 0 0 40.0 5.0 0.0 0.0 0.5
w 187 345 139 345 0
w 187 377 139 377 0
162 299 361 331 361 1 2.1024259 1.0 0.0 0.0
g 331 361 363 361 0
x 65 83 227 89 0 24 NOR via NAND
x 74 300 223 306 0 24 NOR via NOR
153 187 361 299 361 0 2 0.0
151 418 188 530 188 0 2 0.0
151 274 188 386 188 0 2 5.0
151 130 140 242 140 0 2 0.0
151 130 236 242 236 0 2 0.0
g 562 188 594 188 0
w 386 204 386 188 0
w 418 204 386 204 0
w 386 172 418 172 0
w 386 188 386 172 0
w 242 204 242 236 0
w 274 204 242 204 0
w 242 172 274 172 0
w 242 140 242 172 0
w 114 252 130 252 0
w 114 236 114 252 0
w 114 220 114 236 0
w 130 220 114 220 0
w 114 156 130 156 0
w 114 140 114 156 0
w 114 124 114 140 0
w 130 124 114 124 0
162 530 188 562 188 1 2.1024259 1.0 0.0 0.0
s 66 236 114 236 0 0 false
s 66 140 114 140 0 0 false
R 66 236 50 236 0 0 40.0 5.0 0.0 0.0 0.5
R 66 140 50 140 0 0 40.0 5.0 0.0 0.0 0.5
