$ 1 5.0E-6 10.20027730826997 50 5.0 50
151 192 224 304 224 0 2 0.0
151 192 96 304 96 0 2 0.0
w 176 96 144 96 0
w 176 224 144 224 0
s 96 224 144 224 0 0 false
s 96 96 144 96 0 0 false
R 96 224 80 224 0 0 40.0 5.0 0.0 0.0 0.5
R 96 96 80 96 0 0 40.0 5.0 0.0 0.0 0.5
w 176 224 176 208 0
w 176 208 192 208 0
w 192 240 176 240 0
w 176 224 176 240 0
w 176 96 176 80 0
w 176 80 192 80 0
w 176 96 176 112 0
w 176 112 192 112 0
w 304 224 304 176 0
w 304 144 304 96 0
162 416 160 464 160 1 2.1024259 1.0 0.0 0.0
g 464 160 496 160 0
151 304 160 416 160 0 2 5.0
w 304 416 336 416 0
w 304 400 304 416 0
w 304 384 304 400 0
w 336 384 304 384 0
162 448 400 496 400 1 2.1024259 1.0 0.0 0.0
g 496 400 528 400 0
153 192 400 304 400 0 2 0.0
153 336 400 448 400 0 2 5.0
w 192 384 160 384 0
w 192 416 160 416 0
s 112 416 160 416 0 0 false
s 112 384 160 384 0 0 false
R 112 416 96 416 0 0 40.0 5.0 0.0 0.0 0.5
R 112 384 96 384 0 0 40.0 5.0 0.0 0.0 0.5
x 96 47 241 53 0 24 OR via NAND
x 90 328 222 334 0 24 OR via NOR
