$ 1 5.0E-6 10.20027730826997 50 5.0 50
151 272 96 384 96 0 2 5.0
151 128 128 240 128 0 2 0.0
s 32 176 80 176 0 0 false
s 32 80 80 80 0 0 false
R 32 176 16 176 0 0 40.0 5.0 0.0 0.0 0.5
R 32 80 16 80 0 0 40.0 5.0 0.0 0.0 0.5
w 128 80 80 80 0
w 128 80 128 112 0
w 128 144 128 176 0
w 128 176 80 176 0
w 128 80 272 80 0
w 272 112 240 112 0
w 240 112 240 128 0
151 272 160 384 160 0 2 5.0
w 272 176 128 176 0
w 240 128 240 144 0
w 240 144 272 144 0
151 400 128 512 128 0 2 0.0
w 384 160 384 144 0
w 384 144 400 144 0
w 384 96 384 112 0
w 384 112 400 112 0
x 13 236 177 242 0 24 XNOR via NOR
x 14 49 191 55 0 24 XNOR via NAND
151 512 128 624 128 0 2 5.0
w 512 144 512 128 0
w 512 112 512 128 0
w 384 320 400 320 0
w 384 304 384 320 0
w 384 352 400 352 0
w 384 368 384 352 0
w 240 352 272 352 0
w 240 336 240 352 0
w 272 384 128 384 0
w 240 320 240 336 0
w 272 320 240 320 0
w 128 288 272 288 0
w 128 384 80 384 0
w 128 352 128 384 0
w 128 288 128 320 0
w 128 288 80 288 0
R 32 288 16 288 0 0 40.0 5.0 0.0 0.0 0.5
R 32 384 16 384 0 0 40.0 5.0 0.0 0.0 0.5
s 32 288 80 288 0 0 false
s 32 384 80 384 0 0 false
153 128 336 240 336 0 2 0.0
153 272 368 384 368 0 2 0.0
153 272 304 384 304 0 2 0.0
153 400 336 496 336 0 2 5.0
162 496 336 512 336 1 2.1024259 1.0 0.0 0.0
g 512 336 528 336 0
162 624 128 640 128 1 2.1024259 1.0 0.0 0.0
g 640 128 656 128 0
