$ 1 5.0E-6 10.20027730826997 50 5.0 50
151 288 64 400 64 0 2 0.0
151 144 96 256 96 0 2 5.0
s 48 144 96 144 0 1 false
s 48 48 96 48 0 0 false
R 48 144 32 144 0 0 40.0 5.0 0.0 0.0 0.5
R 48 48 32 48 0 0 40.0 5.0 0.0 0.0 0.5
w 144 48 96 48 0
w 144 48 144 80 0
w 144 112 144 144 0
w 144 144 96 144 0
w 144 48 288 48 0
w 288 80 256 80 0
w 256 80 256 96 0
151 288 128 400 128 0 2 5.0
w 288 144 144 144 0
w 256 96 256 112 0
w 256 112 288 112 0
151 416 96 528 96 0 2 5.0
w 400 128 400 112 0
w 400 112 416 112 0
w 400 64 400 80 0
w 400 80 416 80 0
162 528 96 560 96 1 2.1024259 1.0 0.0 0.0
g 560 96 592 96 0
153 224 240 336 240 0 2 0.0
R 48 240 32 240 0 0 40.0 5.0 0.0 0.0 0.5
R 48 336 32 336 0 0 40.0 5.0 0.0 0.0 0.5
s 48 240 96 240 0 0 false
s 48 336 96 336 0 0 false
w 160 240 160 224 0
w 160 224 208 224 0
w 208 256 160 256 0
w 160 256 160 240 0
w 144 240 160 240 0
153 224 336 336 336 0 2 0.0
w 224 320 160 320 0
w 160 352 224 352 0
w 160 320 160 336 0
w 160 352 160 336 0
w 160 336 144 336 0
w 144 336 96 336 0
153 160 400 272 400 0 2 0.0
w 208 256 224 256 0
w 208 224 224 224 0
w 112 240 144 240 0
w 112 240 96 240 0
153 352 288 464 288 0 2 5.0
w 336 240 336 272 0
w 336 272 352 272 0
w 352 304 336 304 0
w 336 304 336 336 0
153 480 368 592 368 0 2 0.0
w 480 352 480 288 0
w 480 288 464 288 0
162 592 368 624 368 1 2.1024259 1.0 0.0 0.0
w 272 400 480 400 0
w 480 400 480 384 0
w 160 384 144 384 0
w 144 384 144 336 0
w 112 240 112 416 0
w 112 416 160 416 0
g 624 368 640 368 0
x 29 204 176 210 0 24 XOR via NOR
x 37 31 197 37 0 24 XOR via NAND
