$ 0 5.0E-6 10.20027730826997 50 5.0 50
f 464 208 528 208 1 0.5
f 464 304 528 304 0 0.5
w 528 224 528 256 0
w 528 256 528 288 0
w 464 208 464 256 0
w 464 256 464 304 0
M 528 256 592 256 0 0.001
R 528 192 528 144 0 0 40.0 1.0 0.0 0.0 0.5
g 528 384 528 416 0
f 112 96 192 96 0 5.0
f 112 208 192 208 0 5.0
g 224 352 224 368 0
162 224 304 224 352 1 1.0 1.0 0.0 0.0
R 80 96 64 96 0 0 40.0 50.0 0.0 0.0 0.5
R 80 208 64 208 0 0 40.0 50.0 0.0 0.0 0.5
s 80 208 112 208 0 0 false
s 80 96 112 96 0 0 false
w 528 320 528 384 0
R 224 80 224 48 0 0 40.0 5.0 0.0 0.0 0.5
w 224 80 192 80 0
x 339 74 464 80 0 24 NAND Gate
w 192 112 192 192 0
w 192 224 224 224 0
w 224 224 224 304 0
w 224 224 432 224 0
w 432 224 432 256 0
w 432 256 464 256 0
