$ 0 5.0E-6 10.20027730826997 50 5.0 50
f 112 96 192 96 0 5.0
f 144 208 224 208 0 5.0
g 224 352 224 368 0
162 224 304 224 352 1 1.0 1.0 0.0 0.0
R 80 96 64 96 0 0 40.0 50.0 0.0 0.0 0.5
R 112 208 96 208 0 0 40.0 50.0 0.0 0.0 0.5
s 112 208 144 208 0 1 false
s 80 96 112 96 0 1 false
w 224 304 304 304 0
w 304 224 304 304 0
R 224 80 224 48 0 0 40.0 5.0 0.0 0.0 0.5
w 224 80 192 80 0
w 224 192 224 80 0
w 192 112 272 112 0
w 224 224 304 224 0
w 272 112 304 112 0
w 304 112 304 224 0
x 339 74 434 80 0 24 OR Gate
