$ 1 5.0E-6 10.20027730826997 50 5.0 50
f 384 352 448 352 1 0.5
f 384 448 448 448 0 0.5
w 448 368 448 400 0
w 448 400 448 432 0
w 384 352 384 400 0
w 384 400 384 448 0
M 448 400 512 400 0 0.001
R 448 336 448 288 0 0 40.0 1.0 0.0 0.0 0.5
g 448 464 448 496 0
w 240 64 240 128 0
w 448 64 240 64 0
w 608 160 448 160 0
w 608 144 608 160 0
w 608 64 608 144 0
w 608 400 656 400 0
w 656 112 752 112 0
w 608 32 752 32 0
w 656 144 656 400 0
R 592 224 592 192 0 0 40.0 5.0 0.0 0.0 0.5
s 592 256 592 224 0 1 false
g 256 256 224 256 0
w 240 160 240 208 0
w 448 160 240 160 0
w 176 160 208 208 0
w 176 160 208 128 0
R 176 160 144 160 0 0 40.0 5.0 0.0 0.0 0.5
s 240 128 208 128 0 0 false
s 240 208 208 208 0 1 false
f 240 208 320 208 0 1.5
f 240 128 320 128 0 1.5
162 320 256 256 256 1 2.1024259 1.0 0.0 0.0
w 656 144 656 112 0
f 592 256 592 400 1 1.5
w 592 112 656 112 0
w 592 80 592 112 0
w 592 32 608 32 0
w 592 48 592 32 0
f 608 64 752 64 0 1.5
f 448 64 592 64 0 1.5
R 320 112 320 80 0 0 40.0 5.0 0.0 0.0 0.5
w 320 144 320 192 0
w 320 224 320 256 0
R 608 32 608 16 0 0 40.0 5.0 0.0 0.0 0.5
w 576 400 544 400 0
w 544 400 544 240 0
w 544 240 368 240 0
w 752 48 752 32 0
w 752 112 752 80 0
w 304 352 368 240 0
w 384 400 304 352 0
x 242 293 308 299 0 24 Link A
x 498 206 564 212 0 24 Link A
x 115 539 692 545 0 24 The state of the LED should be the state of the switch
x 33 71 160 77 0 24 XNOR Gate
